target/criterion/create-randproof-32-01024-(2020-03-20-14-24-34).bench
230
226
238
267
235
246
237
226
227
231
target/criterion/create-randproof-32-02048-(2020-03-20-14-24-26).bench
445
453
495
465
464
470
468
458
458
464
target/criterion/create-randproof-32-04096-(2020-03-20-14-24-08).bench
957
911
934
924
1722
1762
975
913
926
935
target/criterion/create-randproof-32-08192-(2020-03-20-14-23-37).bench
1874
1831
1843
1837
2001
1910
1878
1971
1838
1871
target/criterion/create-randproof-32-16384-(2020-03-20-14-22-37).bench
3708
3652
3629
3691
3694
3658
3679
3660
3613
3699
target/criterion/create-randproof-32-32768-(2020-03-20-14-20-35).bench
7805
7246
7228
7243
7335
7462
7352
7389
7413
7378
target/criterion/create-squarerandproof-32-01024-(2020-03-20-14-19-27).bench
376
462
418
422
457
390
435
395
390
369
target/criterion/create-squarerandproof-32-02048-(2020-03-20-14-19-13).bench
903
953
847
890
873
845
929
868
858
823
target/criterion/create-squarerandproof-32-04096-(2020-03-20-14-18-46).bench
1550
1592
1520
1604
1604
1495
1965
1617
1615
1504
target/criterion/create-squarerandproof-32-08192-(2020-03-20-14-17-54).bench
3127
3203
3179
3157
3200
3054
3477
2985
3017
3059
target/criterion/create-squarerandproof-32-16384-(2020-03-20-14-16-11).bench
6161
6332
6236
6175
6114
6223
6247
6113
6091
6097
target/criterion/create-squarerandproof-32-32768-(2020-03-20-14-12-31).bench
18208
12848
13196
13056
12744
12606
12507
12136
12473
12621
target/criterion/verify-randproof-32-01024-(2020-03-20-14-24-34).bench
117
111
110
120
112
110
114
112
112
118
target/criterion/verify-randproof-32-02048-(2020-03-20-14-24-26).bench
240
226
229
232
226
230
224
226
225
221
target/criterion/verify-randproof-32-04096-(2020-03-20-14-24-08).bench
596
470
453
501
1174
1005
455
451
455
448
target/criterion/verify-randproof-32-08192-(2020-03-20-14-23-37).bench
900
953
896
902
926
934
898
892
910
907
target/criterion/verify-randproof-32-16384-(2020-03-20-14-22-37).bench
1758
1854
1831
1818
1805
1839
1859
1850
1855
1842
target/criterion/verify-randproof-32-32768-(2020-03-20-14-20-35).bench
3574
3516
3632
3578
3575
3834
3655
3591
3662
3651
target/criterion/verify-squarerandproof-32-01024-(2020-03-20-14-19-27).bench
189
213
217
219
220
227
212
200
191
191
target/criterion/verify-squarerandproof-32-02048-(2020-03-20-14-19-13).bench
455
481
408
450
388
649
424
391
400
401
target/criterion/verify-squarerandproof-32-04096-(2020-03-20-14-18-46).bench
751
747
794
806
753
806
933
783
789
819
target/criterion/verify-squarerandproof-32-08192-(2020-03-20-14-17-54).bench
1688
1608
1585
1632
1560
1635
1577
1630
1541
1554
target/criterion/verify-squarerandproof-32-16384-(2020-03-20-14-16-11).bench
3069
3123
3121
3059
3128
3183
3207
3403
3121
3166
target/criterion/verify-squarerandproof-32-32768-(2020-03-20-14-12-31).bench
6938
6519
6314
6530
6826
6521
6317
6162
6336
6469
